Active Metrics:
Accuracy:  0.9684814814814815
Precision:  0.9774900248437853
Recall:  0.9592198581560284
F1 Score:  0.9682687646817555

Passive Metrics:
Accuracy:  0.904656862745098
Precision:  0.902867715078631
Recall:  0.9160018770530267
F1 Score:  0.9093873747961797